100
3
15 20 60 75 80 100
4
9 9 12 12 12 15 16 20
4
7857 10476 13968 15876 18624 21168 28224 37632
4
4077 5436 7248 9664 11340 15120 20160 26880
4
738 984 1449 1932 2508 2520 3344 3360
4
1053 1296 1404 1728 1860 2480 2700 3600
4
102 136 504 672 2082 2718 2776 3624
4
171037803 228050404 419341884 539483805 559122512 586588941 719311740 782118588
4
3834 5112 17253 23004 23004 30672 30672 40896
4
105 140 1305 1740 2232 2253 2976 3004
4
4401 5868 7425 7824 9900 10432 13200 17600
4
89974362 92783634 119965816 123711512 421532115 562042820 608656935 811542580
4
510 540 680 720 2106 2124 2808 2832
4
16497 21996 22788 30384 30384 40512 40512 54016
4
4032990 5377320 246003117 328004156 472620366 570910203 630160488 761213604
4
15282 20358 20376 27144 27144 36192 36192 48256
4
258 344 525 663 700 884 2100 2800
4
3159 4212 4212 5616 5616 7488 14121 18828
4
7047 9396 9396 12528 12528 14931 16704 19908
4
831 1108 1986 2648 2787 2946 3716 3928
4
582 776 996 1328 1941 2370 2588 3160
4
26281092 33491685 35041456 44655580 478544319 638059092 741904473 989205964
4
393 524 2070 2430 2760 2850 3240 3800
4
498 624 664 832 1260 1680 1977 2636
4
111 148 1443 1521 1542 1924 2028 2056
4
55454100 73938800 175971264 234628352 576631488 613131819 768841984 817509092
4
108 144 1149 1532 1611 1983 2148 2644
4
102725829 136967772 281844474 375792632 387650331 516867108 725564178 967418904
1
3 4
4
741 988 1002 1336 2658 2841 3544 3788
4
162 216 222 296 891 1188 2313 3084
4
396 528 1206 1326 1467 1608 1768 1956
4
537 716 1305 1566 1740 2088 2112 2816
4
150320256 200427008 416590251 463814967 555453668 618419956 682181529 909575372
4
516 688 1830 2385 2440 2847 3180 3796
4
21870 26676 29160 35568 35568 47424 47424 63232
4
744 992 1794 1854 2130 2392 2472 2840
4
795 1060 1425 1900 2214 2856 2952 3808
4
183895023 245193364 468612216 543418008 555963810 624816288 724557344 741285080
4
239693793 319591724 461947443 557333238 615929924 647716725 743110984 863622300
4
39 52 693 924 1731 2308 2778 3704
4
309889140 367549563 371853504 413185520 490066084 495804672 549840645 733120860
4
132 176 1776 1827 1872 2368 2436 2496
4
64696791 86262388 203917527 227101995 271890036 302802660 597821436 797095248
4
21 28 267 356 2124 2325 2832 3100
4
10449 13932 13932 18576 18576 18630 24768 24840
4
174 232 1569 2092 2178 2904 2931 3908
4
732 976 1785 2178 2250 2380 2904 3000
4
24703701 32938268 196349010 261798680 513322014 567113850 684429352 756151800
4
1479 1542 1972 2056 2142 2409 2856 3212
4
14499 19251 19332 19332 25668 25776 25776 34368
4
381 508 1989 2247 2427 2652 2996 3236
4
306 408 1266 1284 1688 1712 2553 3404
4
2181 2232 2400 2529 2908 2976 3200 3372
4
171 228 813 1084 1584 2112 2982 3976
4
1470 1770 1960 2043 2166 2360 2724 2888
4
12 16 42 56 2481 2871 3308 3828
4
222646077 296861436 299730291 358532658 394078857 399640388 478043544 525438476
4
117734868 156979824 218380821 291174428 351949224 469265632 483215214 644286952
4
14769 18576 19692 24768 26256 33024 35008 44032
4
219 292 2172 2526 2547 2896 3368 3396
4
9 12 315 420 945 1260 1641 2188
4
555 740 1737 1743 2316 2324 2637 3516
4
492 656 1143 1302 1524 1736 1893 2524
4
277235472 294863331 369647296 393151108 437568750 472044096 583425000 629392128
4
2916 3753 3888 5004 5184 6672 6912 8896
4
276 368 381 508 1506 1770 2008 2360
4
375 378 500 504 543 724 2646 3528
4
399 532 651 868 1320 1760 2835 3780
4
243 324 549 732 2529 2574 3372 3432
4
735 980 1140 1520 1734 2312 2733 3644
4
4590 6120 14769 19692 19692 26256 26256 35008
4
918 1224 1224 1632 1860 2480 2802 3736
4
264 352 573 764 915 1220 2127 2836
4
355155885 473541180 518850333 551502150 681458610 691800444 735336200 908611480
4
75 100 1431 1908 2367 2907 3156 3876
4
294253197 392337596 528133869 553865655 689882913 704178492 738487540 919843884
4
3 4 153 204 219 292 822 1096
4
120 160 417 480 556 640 1701 2268
4
585 780 1842 2157 2456 2601 2876 3468
4
23328 24435 31104 32580 41472 43440 55296 57920
4
84 112 1842 2223 2456 2943 2964 3924
4
9234 12312 16416 19359 21888 25812 34416 45888
4
3780 5040 6720 8960 16578 22104 29472 39296
4
23348466 31131288 398122800 530830400 619539768 703002276 826053024 937336368
4
471 628 639 852 1002 1336 2160 2880
4
405 540 663 884 2226 2754 2968 3672
4
8154 10872 14496 19328 25785 34380 45840 61120
4
249 332 1122 1496 2160 2880 2952 3936
4
1269 1692 2256 3008 14715 19620 26160 34880
4
28368720 37824960 38702715 51603620 146208843 194945124 521572077 695429436
4
495 660 894 1192 2253 2268 3004 3024
4
657 660 876 880 2334 2622 3112 3496
4
165663957 209075910 220885276 278767880 424341858 497537145 565789144 663382860
4
207 276 360 480 675 900 927 1236
4
18360 24057 24480 24480 32076 32640 32640 43520
4
324 432 1110 1191 1480 1588 2667 3556
2
3 4 750000000 1000000000
1
750000000 1000000000
4
555 740 828 918 1104 1224 2535 3380
